0 0.009375 0.0671875 0 0.0703125 0 0.3390625 0.05625 0.3546875 0.0953125 0.346875 0.10625 0.3234375 0.1171875 0.3234375 0.1265625 0.3375 0.16875 0.3359375 0.2 0.3296875 0.228125 0.3125 0.2484375 0.2859375 0.2578125 0.2515625 0.2578125 0.2234375 0.240625 0.159375 0.2078125 0.1140625 0.178125 0.0875 0.1375 0.0671875 0.0796875 0.059375
0 0.0203125 0.4140625 0.0171875 0.4703125 0.03125 0.5125 0.0515625 0.5453125 0.0875 0.575 0.1359375 0.5859375 0.2078125 0.578125 0.253125 0.546875 0.2796875 0.50625 0.2828125 0.46875 0.2765625 0.4359375 0.259375 0.4015625 0.225 0.375 0.1917613636363636 0.36221590909090906 0.13494318181818182 0.35227272727272724 0.0796875 0.3609375 0.0421875 0.3765625
0 0.3046875 0.43125 0.3078125 0.4890625 0.334375 0.534375 0.3671875 0.5625 0.4109375 0.5796875 0.4703125 0.575 0.5484375 0.5328125 0.58125 0.4890625 0.5921875 0.4359375 0.584375 0.39375 0.5578125 0.3515625 0.5328125 0.3328125 0.4953125 0.325 0.459375 0.3296875 0.3453125 0.3703125 0.3265625 0.384375
0 0.2484375 0.1609375 0.2625 0.246875 0.2421875 0.3140625 0.275 0.35625 0.29375 0.365625 0.334375 0.3703125 0.4484375 0.325 0.4703125 0.2546875 0.4671875 0.221875 0.4453125 0.1734375 0.41875 0.1421875 0.3640625 0.115625 0.328125 0.1140625 0.275 0.13125
0 0.5484375 0.115625 0.540625 0.153125 0.5203125 0.1890625 0.5265625 0.2359375 0.5390625 0.2796875 0.5671875 0.3109375 0.59375 0.328125 0.640625 0.3359375 0.6640625 0.33125 0.6703125 0.3375 0.684375 0.3375 0.7234375 0.3265625 0.765625 0.3015625 0.7890625 0.2796875 0.8296875 0.21875 0.8375 0.1859375 0.8375 0.14375 0.828125 0.1 0.8125 0.0703125 0.7734375 0.04375 0.74375 0.05 0.725 0.0390625 0.696875 0.0359375 0.628125 0.046875 0.6171875 0.04375 0.596875 0.0671875 0.5734375 0.08125
0 0.0328125 0.6890625 0.03125 0.74375 0.046875 0.778125 0.0609375 0.79375 0.1265625 0.828125 0.1734375 0.8421875 0.225 0.840625 0.2671875 0.81875 0.30625 0.7703125 0.31875 0.715625 0.3140625 0.6796875 0.284375 0.6375 0.2640625 0.621875 0.2109375 0.5984375 0.1390625 0.5953125 0.0953125 0.6125 0.0546875 0.6484375
0 0.3015625 0.6109375 0.29375 0.640625 0.3234375 0.7015625 0.315625 0.7609375 0.34375 0.775 0.3703125 0.7765625 0.4234375 0.75625 0.4359375 0.7421875 0.415625 0.684375 0.4234375 0.5984375 0.3796875 0.571875 0.3484375 0.565625 0.33125 0.571875
0 0.4203125 0.63125 0.4203125 0.6890625 0.4390625 0.7375 0.46875 0.7640625 0.5015625 0.7734375 0.63125 0.7375 0.65625 0.7171875 0.671875 0.675 0.671875 0.6421875 0.653125 0.5953125 0.6234375 0.5671875 0.5765625 0.5421875 0.553125 0.5421875 0.4828125 0.575 0.44375 0.5859375
0 0.5953125 0.4078125 0.596875 0.4453125 0.5859375 0.5046875 0.671875 0.5875 0.6984375 0.59375 0.7453125 0.5890625 0.778125 0.571875 0.8109375 0.5359375 0.8265625 0.490625 0.821875 0.4578125 0.7828125 0.4046875 0.7328125 0.3703125 0.696875 0.359375 0.6578125 0.3625 0.6234375 0.3796875
0 0.453125 0.8390625 0.446875 0.8734375 0.45625 0.934375 0.4859375 0.9640625 0.54375 0.99375 0.6171875 0.9984375 0.6453125 0.9921875 0.68125 0.9671875 0.7 0.9328125 0.7078125 0.903125 0.7015625 0.8296875 0.66875 0.7875 0.6296875 0.765625 0.590625 0.7578125 0.5 0.78125 0.475 0.8
0 0.7140625 0.7921875 0.70625 0.8078125 0.7109375 0.8613839285714286 0.7258522727272728 0.9275568181818181 0.7528409090909092 0.9346590909090908 0.7840909090909092 0.950284090909091 0.8125 0.946875 0.85 0.9515625 0.9203125 0.921875 0.946875 0.8890625 0.9515625 0.8484375 0.94375 0.81875 0.921875 0.7859375 0.884375 0.759375 0.81875 0.75 0.76875 0.7515625 0.7328125 0.7703125
0 0.7984375 0.2828125 0.7953125 0.3375 0.8015625 0.3703125 0.8328125 0.434375 0.8515625 0.453125 0.8703125 0.4671875 0.9078125 0.4765625 0.9578125 0.471875 0.9984375 0.4546875 0.9984375 0.16875 0.934375 0.1671875 0.86875 0.1921875 0.8375 0.221875
0 0.7515625 0.603125 0.75 0.64375 0.765625 0.684375 0.796875 0.7203125 0.8265625 0.7390625 0.8859375 0.75 0.93125 0.7453125 0.9625 0.73125 0.9984375 0.696875 0.9984375 0.575 0.9671875 0.540625 0.93125 0.5171875 0.9 0.5078125 0.86875 0.5078125 0.8375 0.5171875 0.7953125 0.5640625 0.759375 0.5875
0 0.065625 0.9859375 0.0625 0.9984375 0.3171875 0.9984375 0.299715909090909 0.9886363636363636 0.3139204545454545 0.9772727272727273 0.3125 0.9673295454545455 0.296875 0.9460227272727273 0.296875 0.9403409090909092 0.2855113636363635 0.9232954545454547 0.2765625 0.896875 0.2296875 0.871875 0.2 0.86875 0.165625 0.875 0.1265625 0.8984375 0.09375 0.9296875
0 0.3125 0.85 0.3140625 0.9 0.36875 0.9609375 0.4265625 0.9609375 0.4609375 0.9515625 0.446875 0.915625 0.4453125 0.859375 0.4625 0.8015625 0.44375 0.778125 0.4125 0.7703125 0.353125 0.784375 0.321875 0.825