0 0.578125 0.6984375 0.5765625 0.740625 0.5984375 0.778125 0.6578125 0.8203125 0.7421875 0.8375 0.8140625 0.8296875 0.85625 0.8078125 0.9 0.7484375 0.9078125 0.7203125 0.903125 0.6828125 0.871875 0.646875 0.8328125 0.625 0.7484375 0.609375 0.63125 0.6296875 0.5984375 0.659375
0 0.25625 0.6390625 0.2546875 0.653125 0.265625 0.684375 0.2828125 0.7078125 0.3125 0.7328125 0.3609375 0.75 0.4078125 0.7453125 0.4421875 0.73125 0.4890625 0.703125 0.5046875 0.6765625 0.5046875 0.6453125 0.4828125 0.6078125 0.4453125 0.578125 0.409375 0.5640625 0.3484375 0.5640625 0.303125 0.5765625 0.2734375 0.5984375
0 0.4203125 0.7890625 0.4234375 0.834375 0.44375 0.8703125 0.5046875 0.9 0.584375 0.9015625 0.6296875 0.8875 0.6609375 0.8625 0.6765625 0.8328125 0.634375 0.809375 0.590625 0.771875 0.56875 0.7109375 0.5234375 0.709375 0.4796875 0.7234375 0.4421875 0.7515625
0 0.684375 0.44375 0.678125 0.484375 0.7 0.528125 0.7375 0.5578125 0.7921875 0.575 0.846875 0.575 0.8828125 0.5640625 0.93125 0.534375 0.9578125 0.4953125 0.95625 0.453125 0.9328125 0.41875 0.884375 0.396875 0.7515625 0.396875 0.71875 0.40625
0 0.5109375 0.5546875 0.5109375 0.5921875 0.53125 0.6140625 0.5937499999999998 0.6576704545454544 0.60625 0.640625 0.621875 0.6296875 0.684375 0.6125 0.7375 0.6046875 0.784375 0.60625 0.784375 0.5796875 0.7125 0.540625 0.6859375 0.509375 0.6703125 0.471875 0.6109375 0.478125 0.575 0.4921875 0.5296875 0.525
0 0.8265625 0.6 0.81875 0.6109375 0.8234375 0.621875 0.846875 0.6265625 0.896875 0.6671875 0.9171875 0.7296875 0.9984375 0.7078125 0.9984375 0.5328125 0.99375 0.5296875 0.9546875 0.5234375 0.90625 0.5609375
0 0.6640625 0.86875 0.6625 0.896875 0.66875 0.915625 0.715625 0.946875 0.7359375 0.971875 0.75625 0.9796875 0.8171875 0.9765625 0.8578125 0.959375 0.8953125 0.9296875 0.9125 0.9 0.9109375 0.884375 0.8796875 0.85625 0.8734375 0.81875 0.865625 0.8125 0.8546875 0.8125 0.821875 0.8328125 0.75 0.840625 0.6890625 0.8359375
0 0.221875 0.7890625 0.221875 0.8203125 0.2875 0.965625 0.375 0.9296875 0.4046875 0.9046875 0.4171875 0.875 0.41875 0.8390625 0.40625 0.80625 0.3828125 0.78125 0.3375 0.7578125 0.29375 0.7421875 0.278125 0.7421875 0.2390625 0.75
0 0.0046875 0.840625 0 0.85 0 0.95 0.0484375 0.9984375 0.19375 0.9984375 0.215625 0.9890625 0.2375 0.9703125 0.19375 0.9296875 0.1640625 0.8875 0.1140625 0.8421875 0.0734375 0.825 0.0359375 0.8171875 0.0171875 0.8203125 0.009375 0.84375
0 0.484375 0.984375 0.4828125 0.9984375 0.740625 0.9984375 0.7328125 0.9734375 0.6984375 0.9390625 0.6765625 0.925 0.6296875 0.9109375 0.58125 0.9109375 0.5375 0.9234375 0.509375 0.9421875
0 0.4015625 0.4828125 0.4109375 0.5046875 0.434375 0.5140625 0.4578125 0.51875 0.5296875 0.515625 0.596875 0.4734375 0.6109375 0.4578125 0.615625 0.4328125 0.43125 0.4671875
0 0.2859375 0.575 0.284375 0.5828125 0.2890625 0.5828125 0.325 0.565625 0.39352678571428573 0.5625 0.41875 0.5640625 0.4640625 0.584375 0.475 0.559375 0.475 0.528125 0.4703125 0.521875 0.4140625 0.5078125 0.4 0.4875 0.3890625 0.4890625 0.334375 0.5125