0 0.3734375 0.2546875 0.3765625 0.3078125 0.403125 0.3390625 0.4328125 0.353125 0.4609375 0.35625 0.4890625 0.346875 0.5109375 0.3296875 0.5125 0.303125 0.5 0.2890625 0.465625 0.2734375 0.4671875 0.2625 0.4578125 0.2609375 0.4546875 0.2515625 0.4234375 0.2546875 0.38125 0.246875
0 0.015625 0.278125 0 0.2859375 0 0.39375 0.0234375 0.4046875 0.0703125 0.4078125 0.1125 0.3921875 0.1328125 0.3625 0.134375 0.33125 0.1296875 0.328125 0.1140625 0.3375 0.1015625 0.3328125 0.071875 0.3140625 0.0546875 0.29375 0.028125 0.278125
0 0.125 0.071875 0.1203125 0.0796875 0.125 0.1109375 0.14375 0.13125 0.1796875 0.14375 0.2125 0.1421875 0.2625 0.1265625 0.2703125 0.1109375 0.26875 0.0640625 0.28125 0.0578125 0.2828125 0.0453125 0.259375 0 0.196875 0 0.15625 0.0609375 0.134375 0.0625
0 0.2796875 0.5734375 0.2765625 0.6078125 0.290625 0.6375 0.35 0.6375 0.3765625 0.665625 0.421875 0.65 0.4171875 0.621875 0.434375 0.5703125 0.371875 0.509375 0.35625 0.528125 0.33125 0.53125 0.3015625 0.546875
0 0.575 0.3625 0.571875 0.38125 0.5875 0.4140625 0.5828125 0.45 0.5953125 0.4625 0.68125 0.4828125 0.696875 0.475 0.715625 0.4421875 0.721875 0.4140625 0.7171875 0.3796875 0.703125 0.35625 0.6734375 0.340625 0.6359375 0.3703125 0.6234375 0.359375 0.6078125 0.3625 0.59375 0.3578125 0.59375 0.3515625
0 0.3484375 0.896875 0.346875 0.9203125 0.35625 0.94375 0.378125 0.9703125 0.396875 0.9828125 0.403125 0.9796875 0.4109375 0.940625 0.44375 0.9234375 0.4875 0.9203125 0.4828125 0.8953125 0.4671875 0.8734375 0.4328125 0.8515625 0.4109375 0.846875 0.375 0.859375 0.3578125 0.8765625
0 0.4984375 0.7390625 0.5 0.7859375 0.51875 0.8109375 0.540625 0.821875 0.5984375 0.821875 0.61875 0.809375 0.634375 0.7875 0.640625 0.75625 0.6359375 0.7265625 0.5984375 0.684375 0.5640625 0.6796875 0.5328125 0.690625 0.509375 0.7125
0 0.4140625 0.946875 0.4140625 0.9640625 0.40625 0.9734375 0.421875 0.9984375 0.540625 0.9984375 0.53125 0.965625 0.496875 0.93125 0.4453125 0.9296875
0 0.1484375 0.653125 0.140625 0.6609375 0.14375 0.6890625 0.165625 0.70625 0.1953125 0.6984375 0.2140625 0.6609375 0.2 0.65 0.15625 0.6484375
0 0.7859375 0.646875 0.775 0.6890625 0.7859375 0.69375 0.8125 0.690625 0.821875 0.6765625 0.815625 0.653125 0.803125 0.640625
0 0.5234375 0.1921875 0.5421875 0.2015625 0.5484375 0.2125 0.515625 0.24375 0.515625 0.259375 0.5328125 0.2828125 0.5625 0.2984375 0.60625 0.3 0.6375 0.2875 0.6546875 0.2734375 0.671875 0.240625 0.671875 0.2140625 0.6625 0.1828125 0.646875 0.159375 0.6125 0.1375 0.596875 0.1375 0.5671875 0.1765625